Zones	2 	3 	4 	5 	6 	7 	8
0	15.43	16.07	16.77	18.56	22.44	23.62	23.95
1	15.69	16.34	17.04	18.93	23.25	24.54	25.03
2	15.96	16.67	17.37	20.17	25.73	28.26	29.72
3	16.23	17.21	18.39	22.22	29.56	32.74	34.09
4	16.72	17.80	19.90	25.94	34.15	37.38	38.79
5	17.21	18.39	21.63	28.80	38.14	41.64	44.13
6	17.96	19.09	23.57	31.45	42.40	46.28	48.33
7	18.72	20.93	25.57	34.36	47.69	51.36	53.24
8	19.47	22.82	27.35	37.49	52.76	56.59	58.58
9	20.50	23.84	29.56	40.24	57.40	62.04	64.30
10	21.47	25.41	31.83	42.99	61.28	67.49	69.54
11	22.44	26.75	33.28	45.96	66.14	72.34	75.36
12	23.63	28.32	35.12	48.55	71.26	77.58	80.54
13	25.30	29.78	36.47	51.46	75.90	81.35	85.24
14	26.54	31.34	38.84	54.43	80.54	85.61	89.07
15	27.56	32.10	40.73	56.53	84.80	89.39	93.11
16	28.21	33.17	42.51	58.37	88.53	93.98	97.05
17	29.07	34.15	44.34	61.17	92.52	98.99	101.58
18	30.05	35.28	45.96	63.28	96.35	103.36	107.52
19	31.23	36.25	47.31	65.87	99.86	108.11	111.08
20	32.31	37.81	49.14	68.94	103.42	111.83	115.23
21	33.82	39.27	50.98	71.26	107.09	115.66	120.52
22	34.85	41.16	52.38	73.26	110.59	120.09	125.00
23	35.71	42.08	54.27	75.36	114.58	124.03	129.64
24	36.52	43.75	56.00	78.28	118.74	128.88	134.28
25	37.71	44.99	57.07	80.97	122.62	133.41	138.86
26	38.84	46.23	59.18	83.62	126.78	138.00	142.69
27	40.08	47.58	60.69	86.58	131.09	142.64	147.17
28	41.37	49.14	62.09	88.63	134.44	146.31	150.73
29	42.51	50.06	63.93	90.74	138.05	149.98	155.21
30	43.26	51.41	66.14	93.71	141.83	154.02	159.15
31	44.56	53.14	67.92	95.81	145.07	157.37	163.41
32	45.21	54.32	69.86	98.13	149.33	161.74	167.35
33	46.50	55.73	71.80	100.23	153.32	165.46	171.61
34	47.96	56.75	73.31	103.74	157.96	169.56	175.82
35	48.93	58.48	74.88	105.79	162.71	173.82	180.13
36	49.68	59.77	76.44	107.95	167.08	179.32	184.77
37	50.60	60.63	78.28	110.75	171.61	184.07	189.63
38	51.46	61.55	80.27	112.97	175.98	188.87	194.81
39	53.08	63.17	81.62	115.23	180.24	193.89	199.88
40	54.43	64.84	83.56	117.82	184.34	198.64	204.30
41	55.83	66.41	84.53	119.98	188.50	203.82	209.81
42	56.75	68.03	86.26	122.52	192.54	208.84	215.09
43	57.94	69.43	87.56	124.57	197.07	212.72	219.57
44	58.91	70.29	89.55	126.78	200.90	216.33	223.89
45	59.18	72.02	90.85	128.56	204.57	220.38	227.23
46	61.01	72.83	92.68	130.50	208.03	223.94	232.74
47	62.31	74.28	94.30	132.33	212.07	227.39	237.27
48	63.55	76.06	95.92	134.28	215.85	231.28	241.31
49	64.84	77.79	97.64	136.65	219.52	234.68	245.79
50	65.76	78.76	99.10	138.92	223.29	237.91	249.73
51	66.73	79.68	100.83	140.97	226.96	238.35	254.05
52	67.49	80.87	102.61	144.31	230.42	247.03	258.47
53	68.84	82.48	104.06	144.66	230.77	251.35	261.65
54	69.81	83.83	105.68	144.93	231.27	256.21	265.64
55	71.10	85.29	106.76	148.73	241.18	260.81	269.53
56	72.23	86.37	107.03	149.11	242.18	261.27	274.33
57	73.10	87.77	110.21	156.02	250.05	269.80	279.46
58	74.45	89.28	112.21	158.50	254.80	274.33	283.72
59	75.20	90.36	114.37	158.77	259.55	278.81	288.30
60	75.47	91.17	116.20	163.27	263.34	282.79	291.49
61	77.52	92.41	117.09	163.73	263.72	283.19	291.81
62	78.11	94.19	117.36	164.00	264.30	283.83	292.51
63	78.38	95.65	117.63	167.39	275.73	296.50	306.43
64	78.65	96.62	117.93	167.73	279.78	301.31	307.83
65	82.86	98.62	123.92	172.53	282.57	306.32	316.16
66	83.89	99.53	125.48	173.01	282.85	310.21	317.00
67	84.64	101.53	125.75	173.28	283.12	312.31	317.27
68	85.67	102.34	129.23	175.04	286.90	312.58	321.16
69	87.07	103.31	129.58	175.44	290.41	313.23	326.77
70	88.42	105.41	132.97	183.39	292.17	326.17	339.86
71	88.69	106.87	133.31	184.19	293.11	327.47	341.17
72	88.96	107.68	134.92	190.65	311.77	333.89	342.88
73	89.23	107.95	135.19	193.85	313.98	334.54	343.17
74	89.50	108.22	135.46	194.17	314.25	334.81	348.84
75	92.68	110.96	137.08	198.04	314.52	339.12	353.26
76	93.00	111.24	137.35	198.43	319.47	347.19	354.14
77	93.27	111.51	140.09	198.71	319.97	348.00	361.24
78	94.14	111.83	140.37	199.29	320.84	349.11	361.95
79	96.57	118.04	145.17	210.76	338.21	371.18	376.08
80	96.84	119.17	145.66	211.91	341.88	373.39	387.31
81	97.70	119.44	145.93	212.18	342.25	373.66	388.44
82	98.67	122.03	149.76	217.58	342.52	374.19	393.24
83	100.40	122.30	153.73	219.88	347.92	384.67	396.31
84	100.67	122.57	154.13	220.16	352.92	385.72	405.15
85	105.68	125.37	155.64	225.60	353.42	385.99	406.04
86	107.14	127.05	155.91	226.15	353.69	386.26	406.31
87	107.90	129.58	156.18	226.42	353.96	386.53	406.67
88	108.81	130.23	160.23	226.69	354.23	387.03	413.74
89	109.62	132.01	160.71	226.96	358.60	396.96	414.45
90	109.89	132.28	160.98	227.23	363.60	404.59	421.40
91	110.16	132.55	161.25	227.50	364.10	405.36	422.10
92	110.43	132.89	161.52	227.77	364.37	418.49	435.91
93	111.67	133.16	165.81	228.04	364.64	419.81	437.30
94	113.34	135.36	166.24	228.31	364.91	420.08	437.57
95	113.61	135.63	166.51	228.58	366.02	420.35	437.84
96	116.31	135.90	169.18	232.84	388.19	420.86	440.54
97	116.58	136.17	169.45	233.27	390.41	430.88	440.81
98	116.85	136.44	169.72	233.54	391.14	431.89	441.08
99	117.12	136.73	170.21	236.40	405.65	442.40	442.41
100	120.00	137.00	180.00	260.00	421.00	447.00	469.00
101	121.20	138.37	181.80	262.60	425.21	451.47	473.69
102	122.40	139.74	183.60	265.20	429.42	455.94	478.38
103	123.60	141.11	185.40	267.80	433.63	460.41	483.07
104	124.80	142.48	187.20	270.40	437.84	464.88	487.76
105	126.00	143.85	189.00	273.00	442.05	469.35	492.45
106	127.20	145.22	190.80	275.60	446.26	473.82	497.14
107	128.40	146.59	192.60	278.20	450.47	478.29	501.83
108	129.60	147.96	194.40	280.80	454.68	482.76	506.52
109	130.80	149.33	196.20	283.40	458.89	487.23	511.21
110	132.00	150.70	198.00	286.00	463.10	491.70	515.90
111	133.20	152.07	199.80	288.60	467.31	496.17	520.59
112	134.40	153.44	201.60	291.20	471.52	500.64	525.28
113	135.60	154.81	203.40	293.80	475.73	505.11	529.97
114	136.80	156.18	205.20	296.40	479.94	509.58	534.66
115	138.00	157.55	207.00	299.00	484.15	514.05	539.35
116	139.20	158.92	208.80	301.60	488.36	518.52	544.04
117	140.40	160.29	210.60	304.20	492.57	522.99	548.73
118	141.60	161.66	212.40	306.80	496.78	527.46	553.42
119	142.80	163.03	214.20	309.40	500.99	531.93	558.11
120	144.00	164.40	216.00	312.00	505.20	536.40	562.80
121	145.20	165.77	217.80	314.60	509.41	540.87	567.49
122	146.40	167.14	219.60	317.20	513.62	545.34	572.18
123	147.60	168.51	221.40	319.80	517.83	549.81	576.87
124	148.80	169.88	223.20	322.40	522.04	554.28	581.56
125	150.00	171.25	225.00	325.00	526.25	558.75	586.25
126	151.20	172.62	226.80	327.60	530.46	563.22	590.94
127	152.40	173.99	228.60	330.20	534.67	567.69	595.63
128	153.60	175.36	230.40	332.80	538.88	572.16	600.32
129	154.80	176.73	232.20	335.40	543.09	576.63	605.01
130	156.00	178.10	234.00	338.00	547.30	581.10	609.70
131	157.20	179.47	235.80	340.60	551.51	585.57	614.39
132	158.40	180.84	237.60	343.20	555.72	590.04	619.08
133	159.60	182.21	239.40	345.80	559.93	594.51	623.77
134	160.80	183.58	241.20	348.40	564.14	598.98	628.46
135	162.00	184.95	243.00	351.00	568.35	603.45	633.15
136	163.20	186.32	244.80	353.60	572.56	607.92	637.84
137	164.40	187.69	246.60	356.20	576.77	612.39	642.53
138	165.60	189.06	248.40	358.80	580.98	616.86	647.22
139	166.80	190.43	250.20	361.40	585.19	621.33	651.91
140	168.00	191.80	252.00	364.00	589.40	625.80	656.60
141	169.20	193.17	253.80	366.60	593.61	630.27	661.29
142	170.40	194.54	255.60	369.20	597.82	634.74	665.98
143	171.60	195.91	257.40	371.80	602.03	639.21	670.67
144	172.80	197.28	259.20	374.40	606.24	643.68	675.36
145	174.00	198.65	261.00	377.00	610.45	648.15	680.05
146	175.20	200.02	262.80	379.60	614.66	652.62	684.74
147	176.40	201.39	264.60	382.20	618.87	657.09	689.43
148	177.60	202.76	266.40	384.80	623.08	661.56	694.12
149	178.80	204.13	268.20	387.40	627.29	666.03	698.81
150	180.00	205.50	270.00	390.00	631.50	670.50	703.50