Zones	2 	3 	4 	5 	6 	7 	8
0	21.27	25.38	31.08	32.88	33.09	35.58	37.22
1	23.83	32.39	44.74	48.74	52.42	55.86	58.56
2	25.17	34.31	50.46	53.93	59.19	61.58	65.34
3	27.36	36.29	55.96	59.75	65.60	67.77	71.42
4	29.50	38.47	60.62	65.47	71.69	73.75	78.20
5	30.03	38.80	64.49	71.19	76.45	78.63	82.97
6	31.69	44.20	71.74	75.89	82.86	84.19	89.48
7	32.71	46.12	76.77	82.47	88.74	90.54	95.62
8	34.42	47.46	81.80	87.81	94.72	96.95	101.61
9	35.64	49.49	86.41	93.43	100.55	103.35	108.17
10	35.97	51.47	89.43	98.45	103.25	109.34	114.63
11	38.37	53.71	95.04	103.74	112.51	115.80	120.88
12	39.65	56.44	100.28	108.50	118.02	122.10	127.34
13	40.08	59.27	105.05	113.52	122.79	128.56	133.48
14	41.63	61.57	110.40	118.33	127.55	134.17	140.10
15	43.24	63.71	114.26	123.09	131.73	138.62	145.34
16	44.14	64.30	119.71	127.63	136.66	142.22	149.05
17	46.39	66.43	123.10	131.75	139.84	145.45	152.23
18	47.78	67.18	126.81	134.48	142.91	148.57	156.30
19	49.06	70.01	129.83	137.31	146.14	151.91	160.38
20	49.97	72.10	135.55	147.94	153.97	162.02	172.98
21	51.31	73.49	143.65	152.86	162.87	169.59	178.86
22	53.12	75.04	147.30	156.39	167.11	174.20	182.62
23	54.03	76.48	151.43	160.35	169.49	177.91	187.07
24	55.37	77.76	153.60	164.35	175.02	181.77	190.60
25	56.65	79.37	154.02	167.67	175.58	187.44	191.04
26	57.88	81.61	162.25	173.17	183.84	192.15	199.78
27	58.84	83.86	166.40	177.56	187.76	196.97	204.91
28	60.66	86.05	171.01	181.19	192.42	201.47	210.74
29	61.94	87.65	175.16	184.77	195.78	205.07	216.51
30	62.96	88.62	175.58	188.51	196.23	208.35	219.10
31	64.14	89.63	183.13	193.70	205.07	212.48	225.19
32	65.47	91.18	187.12	197.87	209.25	216.72	228.90
33	66.91	93.00	190.94	201.93	215.08	220.69	234.67
34	68.09	95.08	195.28	205.56	219.55	225.51	239.33
35	70.01	96.95	195.72	209.73	220.00	230.49	241.76
36	71.30	99.04	203.90	214.06	227.89	234.78	246.85
37	72.63	100.37	208.94	219.19	233.13	238.80	250.34
38	73.92	102.41	212.40	224.43	237.79	242.24	255.21
39	75.79	104.81	216.30	229.14	243.23	246.53	260.94
40	77.02	107.32	216.70	232.88	243.78	251.83	261.52
41	78.35	108.71	224.67	238.97	253.73	256.48	272.79
42	79.80	110.32	229.18	244.31	258.18	261.57	279.25
43	81.13	112.67	233.80	249.34	263.63	266.86	285.34
44	82.52	114.70	237.89	254.20	268.34	271.36	291.86
45	83.86	117.16	242.24	258.91	268.82	276.39	297.10
46	85.14	119.14	246.54	262.33	278.30	281.79	301.92
47	86.96	121.59	248.84	267.19	280.90	287.51	306.15
48	88.24	124.00	249.17	271.31	281.23	291.08	310.76
49	89.58	126.46	249.50	271.73	281.56	291.44	313.15
50	91.34	128.33	250.32	272.38	282.48	292.28	313.78
51	92.62	130.79	266.58	284.78	300.75	307.48	326.06
52	94.49	132.76	270.62	290.23	304.99	313.72	332.31
53	96.21	135.54	274.76	295.25	306.47	320.50	339.19
54	97.48	138.22	279.27	299.69	306.80	327.70	345.44
55	99.36	141.10	284.83	303.75	307.53	332.36	351.53
56	101.18	143.51	288.57	307.87	322.04	339.35	357.67
57	103.37	146.55	288.95	311.88	328.07	345.33	362.38
58	105.61	149.92	289.28	316.31	335.06	351.90	366.09
59	107.43	153.77	289.61	321.34	336.89	357.67	373.61
60	109.09	157.19	290.65	325.83	337.55	364.29	381.13
61	111.01	160.13	311.32	331.65	350.63	370.38	387.91
62	114.06	162.43	316.14	335.98	356.19	375.83	395.11
63	115.77	165.64	316.67	341.22	362.23	381.34	401.75
64	116.36	166.33	319.34	346.40	365.59	388.44	402.42
65	119.88	171.48	330.54	350.80	366.30	394.63	411.52
66	122.07	172.00	331.67	351.32	380.33	401.67	420.21
67	123.84	178.79	341.84	361.58	386.85	407.60	427.09
68	126.08	182.10	346.41	366.77	392.38	413.48	434.08
69	128.38	185.09	351.07	372.11	392.94	417.17	440.59
70	130.95	188.94	354.92	377.25	398.56	417.66	444.63
71	133.46	191.93	355.31	382.38	399.13	427.41	445.04
72	136.24	194.93	355.64	387.61	400.88	432.01	452.29
73	138.22	199.30	359.57	393.33	406.11	438.79	454.97
74	138.75	199.74	359.99	393.93	406.64	444.57	455.52
75	142.92	205.08	365.07	394.26	406.97	445.15	466.51
76	143.34	205.62	365.58	394.59	410.00	446.04	467.61
77	145.65	206.10	369.97	396.48	426.86	463.70	468.55
78	150.08	215.51	381.18	434.28	446.52	485.33	486.55
79	151.94	219.46	385.67	442.05	453.73	488.30	488.35
80	152.27	222.99	386.32	442.83	454.46	488.94	488.99
81	156.76	226.78	399.32	449.57	462.25	501.64	501.65
82	160.35	230.42	400.63	450.25	463.03	502.91	502.92
83	162.59	234.16	400.96	450.58	463.36	503.24	503.25
84	164.41	237.79	401.58	450.91	463.84	503.76	503.81
85	165.16	241.70	413.93	451.54	473.36	510.17	514.98
86	168.74	245.17	415.17	464.14	474.32	516.05	516.10
87	170.44	249.13	430.75	472.97	475.01	531.82	532.99
88	170.77	253.03	432.31	473.99	488.81	541.04	541.09
89	174.70	256.72	433.89	476.05	510.80	542.76	558.67
90	175.10	257.09	450.47	488.18	513.00	546.06	567.74
91	175.43	264.36	452.13	489.40	513.50	546.39	568.65
92	179.64	266.04	452.84	489.73	523.49	547.45	568.98
93	182.98	266.39	466.93	490.09	524.49	566.40	569.31
94	183.32	273.39	468.34	490.42	524.82	568.30	569.84
95	183.65	274.99	468.67	491.68	525.15	568.89	580.40
96	183.98	275.32	470.79	516.72	529.18	580.60	581.46
97	184.31	280.79	472.37	521.35	534.64	581.78	581.79
98	190.09	281.34	472.70	521.82	553.88	582.11	582.88
99	190.67	281.67	474.20	523.07	555.81	583.49	604.63
100	191.00	282.00	504.00	547.00	566.00	611.00	627.00
101	192.91	284.82	509.04	552.47	571.66	617.11	633.27
102	194.82	287.64	514.08	557.94	577.32	623.22	639.54
103	196.73	290.46	519.12	563.41	582.98	629.33	645.81
104	198.64	293.28	524.16	568.88	588.64	635.44	652.08
105	200.55	296.10	529.20	574.35	594.30	641.55	658.35
106	202.46	298.92	534.24	579.82	599.96	647.66	664.62
107	204.37	301.74	539.28	585.29	605.62	653.77	670.89
108	206.28	304.56	544.32	590.76	611.28	659.88	677.16
109	208.19	307.38	549.36	596.23	616.94	665.99	683.43
110	210.10	310.20	554.40	601.70	622.60	672.10	689.70
111	212.01	313.02	559.44	607.17	628.26	678.21	695.97
112	213.92	315.84	564.48	612.64	633.92	684.32	702.24
113	215.83	318.66	569.52	618.11	639.58	690.43	708.51
114	217.74	321.48	574.56	623.58	645.24	696.54	714.78
115	219.65	324.30	579.60	629.05	650.90	702.65	721.05
116	221.56	327.12	584.64	634.52	656.56	708.76	727.32
117	223.47	329.94	589.68	639.99	662.22	714.87	733.59
118	225.38	332.76	594.72	645.46	667.88	720.98	739.86
119	227.29	335.58	599.76	650.93	673.54	727.09	746.13
120	229.20	338.40	604.80	656.40	679.20	733.20	752.40
121	231.11	341.22	609.84	661.87	684.86	739.31	758.67
122	233.02	344.04	614.88	667.34	690.52	745.42	764.94
123	234.93	346.86	619.92	672.81	696.18	751.53	771.21
124	236.84	349.68	624.96	678.28	701.84	757.64	777.48
125	238.75	352.50	630.00	683.75	707.50	763.75	783.75
126	240.66	355.32	635.04	689.22	713.16	769.86	790.02
127	242.57	358.14	640.08	694.69	718.82	775.97	796.29
128	244.48	360.96	645.12	700.16	724.48	782.08	802.56
129	246.39	363.78	650.16	705.63	730.14	788.19	808.83
130	248.30	366.60	655.20	711.10	735.80	794.30	815.10
131	250.21	369.42	660.24	716.57	741.46	800.41	821.37
132	252.12	372.24	665.28	722.04	747.12	806.52	827.64
133	254.03	375.06	670.32	727.51	752.78	812.63	833.91
134	255.94	377.88	675.36	732.98	758.44	818.74	840.18
135	257.85	380.70	680.40	738.45	764.10	824.85	846.45
136	259.76	383.52	685.44	743.92	769.76	830.96	852.72
137	261.67	386.34	690.48	749.39	775.42	837.07	858.99
138	263.58	389.16	695.52	754.86	781.08	843.18	865.26
139	265.49	391.98	700.56	760.33	786.74	849.29	871.53
140	267.40	394.80	705.60	765.80	792.40	855.40	877.80
141	269.31	397.62	710.64	771.27	798.06	861.51	884.07
142	271.22	400.44	715.68	776.74	803.72	867.62	890.34
143	273.13	403.26	720.72	782.21	809.38	873.73	896.61
144	275.04	406.08	725.76	787.68	815.04	879.84	902.88
145	276.95	408.90	730.80	793.15	820.70	885.95	909.15
146	278.86	411.72	735.84	798.62	826.36	892.06	915.42
147	280.77	414.54	740.88	804.09	832.02	898.17	921.69
148	282.68	417.36	745.92	809.56	837.68	904.28	927.96
149	284.59	420.18	750.96	815.03	843.34	910.39	934.23
150	286.50	423.00	756.00	820.50	849.00	916.50	940.50