Zones	2 	3 	4 	5 	6 	7 	8
0	9.25	10.70	11.50	13.30	16.55	17.85	19.45
1	9.25	10.70	11.50	13.30	16.55	17.85	19.45
2	9.35	11.35	12.45	14.65	18.30	19.90	22.85
3	10.45	11.95	13.65	16.30	21.25	22.25	26.05
4	11.55	13.20	14.25	18.35	23.55	25.40	28.85
5	12.25	14.15	15.55	20.00	26.70	28.05	31.85
6	12.95	15.40	17.20	21.95	29.05	31.15	34.85
7	13.45	16.60	18.60	23.30	31.45	35.25	38.35
8	14.15	18.00	20.10	25.10	34.05	38.25	41.75
9	15.00	18.85	21.55	26.55	36.55	40.70	45.00
10	15.75	19.45	22.55	28.20	38.45	43.80	48.25
11	16.65	20.50	23.90	29.60	40.95	46.00	51.15
12	17.50	22.00	24.90	31.40	43.60	48.40	54.25
13	18.55	23.00	26.05	32.90	46.00	51.20	57.65
14	19.00	24.40	27.15	34.45	48.25	54.00	60.60
15	20.00	24.60	28.25	35.15	50.90	56.45	64.05
16	20.25	25.45	29.30	36.30	53.05	59.35	66.70
17	20.70	25.55	30.45	38.10	55.15	61.75	69.80
18	21.25	26.00	31.55	39.80	57.10	64.60	72.15
19	21.85	26.80	32.70	41.25	59.10	67.15	74.70
20	22.50	28.15	34.35	43.00	61.20	69.65	77.60
21	23.40	29.75	34.65	44.45	62.50	72.25	80.05
22	24.10	30.95	36.50	45.80	65.35	74.75	83.00
23	24.85	31.75	37.85	47.30	67.25	77.15	85.75
24	25.50	31.85	38.75	49.00	69.55	79.80	88.70
25	26.50	33.15	40.15	50.70	71.40	82.55	91.65
26	27.50	34.05	41.40	52.20	73.55	85.40	94.40
27	28.35	34.85	42.90	54.10	76.45	88.40	97.35
28	29.25	36.15	43.95	55.30	79.00	91.05	100.45
29	29.90	36.40	45.30	56.70	81.25	93.80	103.70
30	30.60	36.95	46.70	58.65	83.95	96.30	106.60
31	31.30	39.05	47.75	59.90	86.40	99.10	109.50
32	31.90	39.80	49.35	61.55	88.60	101.85	112.65
33	32.80	40.35	50.55	63.20	91.30	103.45	115.00
34	33.40	41.25	51.65	64.70	93.50	106.90	118.45
35	34.10	43.00	53.05	66.30	95.55	108.45	121.30
36	35.40	44.10	54.35	67.85	98.25	111.90	124.10
37	35.80	44.40	55.35	69.40	100.25	114.15	126.75
38	36.00	44.80	56.85	71.10	102.35	115.80	129.30
39	37.10	45.15	57.90	72.70	104.70	117.95	131.80
40	37.45	45.20	58.55	73.30	107.05	120.55	134.10
41	38.35	48.75	60.05	75.80	108.90	122.70	136.95
42	39.05	50.10	62.25	77.90	111.25	125.20	139.85
43	39.85	50.95	63.45	79.30	113.50	128.00	143.20
44	40.55	51.75	65.00	81.00	115.60	130.70	146.20
45	41.15	52.50	66.20	82.60	117.90	133.45	149.15
46	42.30	53.25	67.55	84.05	120.35	136.15	152.75
47	42.45	53.35	68.75	85.90	123.05	138.95	155.80
48	42.50	54.35	69.55	87.45	126.05	141.05	158.95
49	42.85	55.15	70.95	89.10	127.45	143.45	159.45
50	42.90	55.35	71.05	89.25	128.10	144.75	159.70
51	45.45	55.45	72.30	92.00	133.65	149.05	167.75
52	46.20	59.30	73.65	93.55	135.80	151.90	170.50
53	46.75	60.55	74.90	94.95	138.10	155.95	173.80
54	47.35	61.35	76.45	96.70	140.15	159.00	176.80
55	47.95	62.55	77.55	98.15	142.40	162.00	179.80
56	48.65	62.80	78.70	99.95	142.60	164.80	183.30
57	49.10	63.35	80.05	101.45	144.40	167.75	186.50
58	49.45	63.95	81.05	103.05	147.50	171.15	189.60
59	49.70	64.55	82.25	104.45	149.20	174.00	193.00
60	50.70	65.00	82.75	104.60	152.05	175.00	196.50
61	51.00	67.85	84.65	108.25	155.10	179.80	199.80
62	51.90	69.30	86.00	109.75	157.90	182.90	202.85
63	52.90	70.30	86.85	111.30	160.60	185.85	206.20
64	53.70	71.60	87.80	112.80	163.35	188.85	209.50
65	54.20	72.55	88.00	113.85	165.95	191.60	212.45
66	55.95	73.15	90.10	116.00	168.25	194.75	216.05
67	56.00	73.75	91.60	117.75	170.75	197.75	219.50
68	56.10	74.35	93.70	119.25	172.70	200.55	222.85
69	56.40	75.45	94.85	120.55	174.75	201.45	226.35
70	57.00	75.70	95.15	121.90	174.90	203.60	229.80
71	58.10	77.30	96.75	123.45	180.00	208.75	233.45
72	58.75	78.60	98.20	125.10	182.15	211.65	236.65
73	61.70	79.65	99.90	126.65	184.35	213.80	237.50
74	62.25	80.45	100.95	128.60	186.85	214.45	240.25
75	62.55	80.55	102.45	130.20	189.10	214.75	240.40
76	62.70	81.00	102.90	132.55	192.35	223.30	247.60
77	65.35	81.30	104.35	133.70	194.75	226.15	250.50
78	65.40	81.50	105.40	134.70	194.80	229.95	253.45
79	66.20	82.55	105.55	135.45	194.95	230.90	256.65
80	66.25	83.65	106.65	135.55	195.15	231.70	257.25
81	66.65	84.95	107.30	136.90	195.30	232.25	259.80
82	66.75	86.75	109.00	139.20	207.25	239.35	262.75
83	67.85	87.70	109.55	140.80	208.05	240.05	265.90
84	68.80	89.80	111.10	142.60	208.30	240.60	268.45
85	68.95	91.65	113.25	145.75	215.00	247.00	272.60
86	72.15	93.50	116.00	147.10	217.55	249.45	276.05
87	73.05	94.95	117.50	148.65	219.15	254.95	278.95
88	73.15	96.30	118.15	150.25	219.35	255.10	281.70
89	73.30	97.75	119.30	151.80	221.80	257.60	284.45
90	73.35	98.70	120.60	153.40	224.30	258.60	287.40
91	76.80	100.00	121.75	155.65	224.55	260.70	291.45
92	77.05	100.60	122.85	157.25	226.85	261.60	294.85
93	77.10	101.05	124.45	158.80	227.00	268.75	298.10
94	77.25	101.65	125.80	162.50	232.00	270.25	301.65
95	77.35	102.20	126.65	165.10	233.35	273.75	305.00
96	77.50	102.80	128.80	168.65	235.85	273.90	306.65
97	77.90	103.70	130.20	170.75	238.65	279.35	311.60
98	78.05	103.85	130.35	170.95	238.80	283.15	314.05
99	83.35	104.55	132.75	171.10	240.95	285.05	318.35
100	83.40	105.15	132.90	174.15	249.20	290.70	324.45
101	83.90	106.20	135.05	175.80	251.65	293.65	328.90
102	85.25	107.25	137.30	177.65	254.15	296.55	332.10
103	86.10	107.85	138.60	179.30	256.75	299.35	335.40
104	86.90	108.35	139.90	181.05	259.15	302.30	338.55
105	87.75	108.85	141.20	182.90	261.60	305.20	341.95
106	88.60	109.25	142.70	184.60	264.10	308.10	345.15
107	89.45	110.35	144.05	186.25	266.65	311.10	348.35
108	90.25	111.45	145.30	188.15	269.20	313.90	351.65
109	91.05	112.35	146.65	189.80	271.60	316.85	354.95
110	91.75	113.40	148.05	191.55	274.05	319.75	358.15
111	92.60	114.45	149.25	193.30	276.60	322.60	361.40
112	93.45	115.50	150.75	195.00	279.10	325.55	364.60
113	93.80	116.45	152.05	196.70	281.50	328.40	367.90
114	95.25	117.50	153.45	198.55	284.05	331.35	371.25
115	96.10	118.55	154.70	200.25	286.60	334.25	374.35
116	96.90	119.60	156.05	202.00	289.05	337.15	377.75
117	97.75	120.55	157.40	203.75	291.55	340.10	381.00
118	98.60	121.55	158.65	205.50	293.95	342.90	384.10
119	99.00	122.70	159.35	206.30	296.55	345.90	387.45
120	99.30	123.75	161.50	209.05	299.05	348.80	390.65
121	100.65	124.65	162.85	210.70	301.50	351.70	393.95
122	101.00	125.75	163.30	211.40	304.00	354.65	397.20
123	101.30	126.80	165.50	214.20	306.45	357.55	400.45
124	103.60	127.85	166.80	215.90	309.00	360.35	403.70
125	103.90	128.80	168.20	217.60	311.40	363.35	406.90
126	104.25	129.85	169.50	219.50	313.95	366.25	410.20
127	104.60	130.90	170.10	221.15	316.50	369.20	413.50
128	104.90	131.90	170.65	223.00	318.90	372.10	416.70
129	105.75	133.00	172.70	223.70	321.50	374.90	420.00
130	106.50	133.95	173.20	226.35	323.85	377.85	423.25
131	107.35	134.95	173.75	227.20	326.45	380.75	426.50
132	108.20	136.10	176.00	229.85	328.95	383.75	429.80
133	109.00	137.15	176.45	231.55	331.35	386.65	432.90
134	109.80	138.05	176.90	232.35	333.95	389.45	436.20
135	110.70	139.10	178.25	234.10	336.30	392.40	439.60
136	111.50	139.50	179.50	235.75	338.90	395.30	442.70
137	112.25	141.25	180.80	236.50	341.40	398.25	446.00
138	113.10	142.15	182.15	237.10	343.80	401.20	449.35
139	113.95	143.25	183.60	238.80	346.45	403.95	452.50
140	114.80	144.30	184.85	240.55	348.80	406.90	455.80
141	115.50	145.30	186.10	242.20	351.40	409.80	458.95
142	116.35	145.70	187.50	243.85	353.75	412.75	462.30
143	117.30	146.80	188.75	245.70	356.25	415.65	465.55
144	118.15	147.85	190.00	247.35	358.85	418.50	468.80
145	118.95	148.20	191.50	249.00	361.25	421.45	472.00
146	119.70	148.45	192.80	250.80	363.85	424.35	475.40
147	120.55	151.50	194.05	252.50	366.20	427.30	478.55
148	121.40	151.95	195.35	254.20	368.75	430.20	481.85
149	122.20	152.15	196.70	256.05	371.30	432.95	485.05
150	123.00	153.05	198.00	257.70	373.70	436.00	488.30