Zones	2 	3 	4 	5 	6 	7 	8
0	$6.94 	$7.58 	$7.79 	$8.13 	$8.42 	$8.53 	$8.66
1	$6.94 	$7.58 	$7.79 	$8.13 	$8.42 	$8.53 	$8.66 
2	7.66	8.25	8.91	9.10	9.49	9.69	9.96
3	7.78	8.60	9.40	9.68	10.08	10.42	11.01
4	8.03	8.81	9.85	10.29	10.59	11.09	11.80
5	8.07	8.88	10.21	10.68	10.93	11.50	12.38
6	8.35	9.13	10.34	10.89	11.19	11.79	12.48
7	8.81	9.36	10.52	11.13	11.39	12.10	12.96
8	8.97	9.59	10.69	11.34	11.74	12.47	13.40
9	9.23	9.82	10.83	11.43	11.99	12.99	14.24
10	9.44	9.86	11.00	11.75	12.36	13.75	15.19
11	9.85	10.25	11.11	11.94	12.90	14.91	16.19
12	10.01	10.57	11.20	12.11	13.11	15.50	17.11
13	10.25	10.82	11.35	12.34	13.78	16.61	18.22
14	10.51	11.12	11.46	12.52	14.43	17.64	19.27
15	10.57	11.36	11.62	13.10	15.09	18.18	20.25
16	10.69	11.47	11.72	13.18	15.58	18.95	20.86
17	10.88	11.93	11.98	13.68	16.38	20.11	21.86
18	10.90	12.09	12.33	14.35	17.05	20.53	22.92
19	10.95	12.30	12.36	14.58	17.40	21.10	23.70
20	11.10	12.52	12.78	15.30	18.16	21.89	24.80
21	11.44	13.02	13.34	15.62	18.90	22.72	25.79
22	11.69	13.26	13.84	16.34	19.68	23.55	26.92
23	11.82	13.62	14.27	16.82	20.42	24.34	28.00
24	12.05	13.93	14.73	17.36	21.40	25.17	29.10
25	12.18	14.22	14.91	17.86	21.92	25.96	30.18
26	12.65	14.57	15.54	18.41	22.73	27.08	31.19
27	12.95	14.92	15.70	18.71	23.47	27.57	32.26
28	13.18	15.42	16.58	19.75	24.80	29.02	33.38
29	13.46	15.71	17.06	20.20	25.51	29.74	34.38
30	13.60	15.95	17.57	20.80	25.92	30.10	35.48
31	13.80	16.18	17.63	20.94	26.46	30.75	36.30
32	13.90	16.22	17.93	21.32	26.96	31.29	37.40
33	14.03	16.74	18.73	22.31	27.94	32.41	38.41
34	14.12	16.95	19.14	22.66	28.46	32.96	39.49
35	14.37	17.68	19.59	23.21	29.16	33.80	40.54
36	$14.58 	$17.69 	$19.94 	$24.01 	$29.89 	$34.96 	$41.34 
37	14.96	18.09	20.33	24.54	30.52	35.73	42.14
38	15.17	18.37	20.78	25.13	31.21	36.57	42.92
39	15.39	18.73	21.26	25.41	32.01	37.57	43.80
40	15.41	18.98	21.32	25.70	32.66	38.01	44.53
41	15.61	19.43	21.89	26.33	33.39	38.82	45.04
42	15.85	19.86	22.52	26.92	34.18	39.85	45.71
43	16.06	19.96	22.78	27.76	35.35	41.30	46.50
44	16.43	20.35	23.38	28.26	35.66	41.78	46.99
45	16.44	20.66	23.80	28.82	36.25	43.01	47.78
46	16.66	20.67	24.12	29.07	36.86	43.46	48.57
47	16.77	20.94	24.50	29.56	37.35	44.31	49.36
48	16.78	21.04	24.81	30.06	37.92	45.15	50.14
49	16.82	21.05	24.85	30.28	38.39	45.95	50.91
50	16.90	21.16	24.93	30.39	38.52	46.06	51.69
51	16.93	21.20	25.11	30.42	38.56	46.07	51.79
52	16.95	21.24	25.28	30.49	38.60	46.08	51.90
53	16.97	21.28	25.30	30.69	38.64	46.09	52.00
54	16.99	21.32	25.32	30.89	38.68	46.10	52.66
55	17.00	21.36	25.34	31.34	38.72	46.11	53.27
56	17.02	21.56	25.38	31.77	38.76	46.13	53.93
57	17.41	21.71	25.44	32.23	38.80	46.30	54.49
58	17.42	21.72	25.67	32.89	38.92	46.41	54.94
59	17.56	21.94	26.04	32.90	39.27	46.66	55.34
60	17.74	22.15	26.44	33.13	39.63	46.91	55.69
61	18.09	22.84	26.45	33.82	39.98	47.18	56.02
62	18.40	23.56	26.66	34.13	40.25	47.91	56.37
63	18.47	23.79	26.67	34.35	40.52	48.00	56.71
64	18.80	24.25	27.36	34.80	41.19	48.32	57.58
65	19.19	24.71	27.37	34.81	41.55	48.42	57.68
66	19.47	25.15	27.42	34.84	41.58	48.57	57.80
67	19.72	25.17	27.69	34.88	41.90	48.81	57.94
68	19.88	25.87	29.03	35.03	42.13	49.09	58.07
69	20.10	25.88	29.04	35.93	42.35	49.33	58.24
70	20.20	25.93	29.68	36.38	43.19	49.50	58.75
71	20.30	26.19	30.14	36.46	43.87	50.36	58.86
72	20.58	26.23	30.55	37.30	44.20	52.02	59.16
73	21.30	26.25	30.67	37.42	44.68	52.31	59.28
74	22.28	26.27	31.07	37.91	45.37	53.12	59.40
75	23.10	27.01	31.17	38.54	46.23	53.65	59.52
76	$23.98 	$28.00 	$31.27 	$39.17 	$46.81 	$54.53 	$59.83 
77	24.90	28.64	32.20	39.67	47.09	55.57	59.94
78	25.67	29.19	32.57	40.11	47.37	56.50	59.99
79	26.57	30.41	33.39	40.73	48.36	56.83	60.42
80	27.29	31.27	34.18	41.30	49.17	57.63	60.87
81	28.19	32.12	35.30	41.60	49.82	58.51	61.64
82	28.86	32.55	35.77	42.36	49.93	59.78	61.93
83	29.68	33.53	36.90	42.67	50.56	60.02	62.04
84	30.57	34.01	37.29	43.48	51.32	60.76	62.74
85	31.39	34.86	38.01	44.18	52.11	61.41	63.42
86	32.26	35.99	38.78	44.89	52.73	61.96	64.14
87	33.20	36.46	39.65	45.00	53.42	62.60	64.84
88	34.25	37.29	40.39	46.03	54.12	63.25	65.56
89	35.44	38.33	41.55	46.62	54.79	63.90	66.92
90	36.60	38.58	41.76	46.65	55.05	64.01	66.97
91	37.19	39.24	42.58	47.10	55.63	64.17	67.69
92	38.09	39.98	43.20	47.81	56.35	64.45	68.42
93	39.00	40.75	44.03	48.47	56.79	64.69	69.12
94	39.91	41.49	44.65	49.10	57.45	64.81	69.84
95	40.84	42.19	45.34	49.75	57.84	65.03	70.58
96	41.75	42.90	46.54	50.31	58.17	65.39	71.26
97	42.71	44.14	46.81	51.11	58.87	65.49	71.99
98	43.69	44.43	47.70	51.72	59.53	65.98	72.71
99	44.65	45.14	48.61	52.36	60.22	66.64	73.43
100	45.48	45.87	49.51	53.15	60.88	67.32	74.15
101	45.85	46.20	49.98	53.43	61.00	67.38	74.20
102	46.33	46.90	50.56	54.12	61.63	67.99	74.92
103	47.59	47.62	51.18	54.66	62.79	69.17	75.58
104	47.88	48.31	51.79	55.24	63.00	69.37	76.29
105	48.67	49.04	52.38	56.36	63.39	69.78	76.95
106	49.47	49.77	52.98	56.39	63.97	70.40	77.66
107	50.19	50.52	54.11	56.96	64.55	71.02	78.35
108	50.92	51.24	54.20	57.53	65.14	71.64	79.04
109	51.65	51.94	54.79	58.10	65.72	72.25	79.75
110	52.28	52.71	55.41	58.66	66.36	72.90	80.44
111	52.86	53.29	56.58	59.23	66.92	73.50	81.31
112	53.94	54.39	57.19	59.81	67.49	74.14	82.19
113	54.00	54.44	57.82	60.36	68.09	74.75	83.68
114	54.57	55.58	58.46	61.53	68.68	75.35	83.88
115	55.15	55.67	58.54	61.70	69.24	76.00	84.23
116	$55.73 	$56.42 	$59.73 	$61.98 	$69.71 	$76.46 	$84.76 
117	56.29	57.01	60.34	63.12	70.28	77.07	86.12
118	56.88	58.18	60.40	63.30	70.86	77.69	86.89
119	57.48	58.24	61.01	63.67	71.45	78.30	87.92
120	58.47	59.33	61.65	64.27	72.03	78.92	88.03
121	59.11	59.66	62.28	64.72	72.49	79.35	88.43
122	59.52	60.22	62.90	65.29	73.06	80.60	89.15
123	60.13	60.29	64.17	65.85	73.64	80.80	89.86
124	60.70	61.46	64.21	66.45	74.24	81.19	90.53
125	61.31	61.47	64.86	67.03	74.81	81.81	91.21
126	62.49	62.67	66.13	67.47	75.24	82.25	92.66
127	62.54	62.70	66.78	68.04	75.82	82.86	93.33
128	63.13	63.15	67.44	68.63	76.38	84.05	94.05
129	64.33	64.37	68.08	69.23	76.97	84.35	94.75
130	64.35	64.57	68.71	69.76	77.53	84.66	95.46
131	64.94	64.99	69.37	70.24	77.96	85.11	95.49
132	65.56	66.25	69.57	70.81	78.54	85.69	96.88
133	66.17	66.35	70.03	71.37	79.09	86.30	97.20
134	66.77	66.86	70.72	71.98	79.70	86.89	97.61
135	67.28	68.18	71.35	72.58	80.35	87.53	99.01
136	67.84	68.79	72.73	73.19	80.99	88.17	99.04
137	68.43	68.99	73.41	73.72	81.46	88.72	99.70
138	69.06	69.43	74.09	74.41	82.90	89.45	101.10
139	69.68	70.80	74.39	75.03	83.15	90.06	101.50
140	70.30	71.00	74.79	75.65	83.56	90.69	101.80
141	70.92	71.46	75.51	76.24	84.04	91.15	102.31
142	71.20	72.13	76.20	76.86	84.66	91.78	102.99
143	71.84	72.79	76.90	77.48	85.31	92.43	103.69
144	72.47	73.46	77.62	78.10	85.95	93.05	104.39
145	72.72	74.89	78.72	78.74	86.60	93.67	105.09
146	73.35	75.51	79.03	79.33	87.24	94.29	105.76
147	74.44	75.65	79.78	79.97	87.86	94.94	106.48
148	74.64	76.19	80.61	80.63	89.16	95.57	107.19
149	74.85	76.87	81.20	81.21	89.36	96.18	108.39
150	75.49	77.56	82.54	83.94	89.84	96.84	109.10