	2	3	4	5	6	7	8
0	51.77	55.94	62.04	64.14	64.15	67.4	69.12
1	56.09	66.64	77.46	83.16	85.96	91.73	93.43
2	56.43	69.12	81.82	87.08	93.32	95.97	100.84
3	59.59	72.36	87.38	95.23	100.15	104.81	107.46
4	61.9	74.63	94.19	101.42	106.67	111.25	114.29
5	62.6	75.36	96.5	103.97	109.58	113.66	116.78
6	66.92	78.87	103.69	114.29	118.16	124.46	128.53
7	67.36	81.62	106.99	118.42	124.4	128.59	135.26
8	67.7	83.1	111.92	126.31	132.82	134.41	138.54
9	68.18	83.45	118.58	130.28	133.81	141.56	143.61
10	68.52	83.86	119.48	131.08	134.85	142.62	144.72
11	73.48	92.06	132.59	147.01	155.65	163.8	166.92
12	75.28	94.12	134.9	152.47	161.73	167.82	174.34
13	75.9	96.51	137.26	158.03	167.08	175.08	181.27
14	76.67	96.86	145.49	161.11	169.13	177.81	183.43
15	77.01	97.21	146.32	161.73	169.62	178.41	183.92
16	78.73	104.18	155.09	174.02	179.42	190.38	193.61
17	82.93	106.45	158.71	178.21	186.14	192.07	197.26
18	83.36	106.89	159.49	178.63	189.59	192.45	201.61
19	83.7	107.24	165.04	179.21	189.97	194.87	202.98
20	83.98	107.56	165.6	179.49	190.28	195.29	203.72
21	86.34	111.12	173.7	185.05	196.41	203.59	218.39
22	88.92	115.62	180.95	196.95	207.43	215.32	222.36
23	89.25	116.07	185.14	201.13	209.97	222.2	230.13
24	90.82	116.42	188.81	203.17	210.89	222.9	230.91
25	91.14	116.77	190.02	203.67	211.58	223.54	231.36
26	94.88	123.67	198.25	213.52	225.38	236.24	240.26
27	95.26	124.36	202.4	217.6	229.46	239.31	245.5
28	96.63	124.7	207.01	221.3	231.44	243.91	253.97
29	96.96	125.04	211.16	224.03	231.78	244.37	254.91
30	97.26	125.34	211.58	224.51	232.52	244.89	255.34
31	99.82	128.03	219.13	234.01	247.2	255.19	263.94
32	101.83	130.37	223.12	238.3	251.48	259.53	264.9
33	103.53	136.03	226.94	242.43	257.47	263.66	275.74
34	105.12	136.6	231.28	249.64	261.97	272.8	280.5
35	106.72	136.92	231.72	250.37	262.42	273.72	284.37
36	109.91	139.02	239.9	254.77	263.89	278.12	290.56
37	110.47	146.32	244.94	264.34	276	288.65	293.74
38	110.79	147.05	248.4	265.3	280.77	289.71	298.08
39	113.3	147.37	252.3	268.31	286.3	295.11	302.48
40	113.62	147.69	252.7	268.88	286.86	295.65	303.06
41	117.32	153.28	260.67	280.13	297.13	302	314.55
42	118.6	153.84	265.18	285.58	301.68	302.64	315.7
43	120.97	155.83	269.8	290.72	307.24	312.85	332.29
44	123.03	162.43	273.89	295.65	312.04	316.51	333.98
45	124.31	167.57	278.24	300.41	312.52	325.54	334.47
46	126.89	168.09	282.54	300.9	314.3	326.45	344.15
47	128.07	170.11	284.84	306.8	316.9	326.78	348.35
48	128.39	170.43	285.17	307.39	317.23	327.11	348.77
49	128.71	170.75	285.5	307.73	317.56	327.44	349.15
50	129.19	171.35	286.32	308.63	318.88	328.63	350.09
51	138.72	183.31	302.58	326.63	345.28	352.43	368.77
52	140.37	189.59	306.62	328.43	347.92	359.24	384.56
53	141.6	192.18	310.76	335.03	348.25	365.74	386.14
54	141.92	192.5	315.27	335.69	348.58	366.39	388.47
55	142.33	195.31	320.83	339.75	349.46	378.41	394.71
56	150.47	198.43	324.57	350.24	367.06	385.55	400.91
57	151.58	206.32	324.95	353.75	372.06	391.75	415.63
58	151.9	207.11	325.28	354.11	372.56	398.47	417.11
59	152.22	207.43	325.61	361.12	372.89	403.91	417.44
60	152.54	207.75	326.65	361.83	373.55	404.56	418.31
61	158.94	213.34	347.32	374.49	386.63	417.48	435.59
62	160.43	216.61	352.14	378.88	392.19	423.1	448.82
63	160.78	220.3	352.67	379.32	398.23	428.71	450.15
64	167.38	226.33	356.44	388.12	411.25	436.02	451.05
65	168.04	227.67	366.54	393.92	412.56	442.37	469
66	168.36	228.21	367.67	394.5	416.69	443.01	470.8
67	169.68	238.99	377.84	404.93	432.23	443.91	471.92
68	172.88	240.3	382.41	405.98	433.79	461.8	479.12
69	173.2	240.62	387.07	412.58	434.23	465.65	486.58
70	173.52	240.94	390.92	413.25	434.56	466.04	492.99
71	177.62	241.26	391.31	418.38	435.13	466.67	498.5
72	178.9	247.46	391.64	428.38	441.65	479.23	501.23
73	179.22	252.35	395.57	429.38	442.31	480.49	501.56
74	179.54	252.84	395.99	429.93	442.64	480.82	501.89
75	179.97	253.16	401.07	430.26	442.97	481.15	502.51
76	188.42	259.36	401.58	431.3	446.11	482.23	514.9
77	189.27	267.05	405.97	452.01	462.98	503.69	521.26
78	189.59	269.75	417.18	471.39	482.88	521.33	524.01
79	189.91	270.07	421.67	478.15	489.78	524.36	524.37
80	190.57	270.68	422.32	478.83	490.47	525	525.79
81	203.65	282.88	435.32	485.57	498.57	537.8	554.19
82	204.96	284.1	436.63	486.25	499.38	539.08	557.03
83	205.28	284.42	436.96	486.58	499.71	539.42	557.36
84	205.6	284.74	437.58	486.91	500.17	539.76	557.69
85	205.92	285.13	449.93	487.54	509.36	546.52	558.19
86	209.72	288.25	451.17	500.14	510.32	552.05	568.03
87	210.1	293.7	466.75	508.97	511.01	567.82	569.02
88	210.42	294.43	468.31	509.99	524.81	577.04	577.09
89	210.74	294.75	469.89	512.05	546.8	578.76	601.84
90	211.22	295.29	486.47	524.18	549	582.06	604.32
91	220.32	305.91	488.13	525.4	549.5	582.39	604.65
92	221.23	306.98	488.84	525.73	559.49	583.77	604.98
93	221.55	307.3	502.93	526.09	560.49	602.77	605.31
94	221.87	309.7	504.34	526.42	560.82	604.67	605.84
95	222.41	310.36	504.67	527.68	561.15	605.24	616.4
96	233.13	323.47	506.79	552.72	565.18	616.6	617.46
97	235.39	324.79	508.37	557.35	570.64	617.78	617.79
98	235.71	325.11	508.7	557.82	590.21	618.11	618.88
99	237.86	325.49	510.2	559.07	592.17	619.49	640.63
100	241	333	540	584	602	647	679
101	243.11	336.03	545.1	589.54	607.72	653.17	685.49
102	245.22	339.06	550.2	595.08	613.44	659.34	691.98
103	247.33	342.09	555.3	600.62	619.16	665.51	698.47
104	249.44	345.12	560.4	606.16	624.88	671.68	704.96
105	251.55	348.15	565.5	611.7	630.6	677.85	711.45
106	253.66	351.18	570.6	617.24	636.32	684.02	717.94
107	255.77	354.21	575.7	622.78	642.04	690.19	724.43
108	257.88	357.24	580.8	628.32	647.76	696.36	730.92
109	259.99	360.27	585.9	633.86	653.48	702.53	737.41
110	262.1	363.3	591	639.4	659.2	708.7	743.9
111	264.21	366.33	596.1	644.94	664.92	714.87	750.39
112	266.32	369.36	601.2	650.48	670.64	721.04	756.88
113	268.43	372.39	606.3	656.02	676.36	727.21	763.37
114	270.54	375.42	611.4	661.56	682.08	733.38	769.86
115	272.65	378.45	616.5	667.1	687.8	739.55	776.35
116	274.76	381.48	621.6	672.64	693.52	745.72	782.84
117	276.87	384.51	626.7	678.18	699.24	751.89	789.33
118	278.98	387.54	631.8	683.72	704.96	758.06	795.82
119	281.09	390.57	636.9	689.26	710.68	764.23	802.31
120	283.2	393.6	642	694.8	716.4	770.4	808.8
121	285.31	396.63	647.1	700.34	722.12	776.57	815.29
122	287.42	399.66	652.2	705.88	727.84	782.74	821.78
123	289.53	402.69	657.3	711.42	733.56	788.91	828.27
124	291.64	405.72	662.4	716.96	739.28	795.08	834.76
125	293.75	408.75	667.5	722.5	745	801.25	841.25
126	295.86	411.78	672.6	728.04	750.72	807.42	847.74
127	297.97	414.81	677.7	733.58	756.44	813.59	854.23
128	300.08	417.84	682.8	739.12	762.16	819.76	860.72
129	302.19	420.87	687.9	744.66	767.88	825.93	867.21
130	304.3	423.9	693	750.2	773.6	832.1	873.7
131	306.41	426.93	698.1	755.74	779.32	838.27	880.19
132	308.52	429.96	703.2	761.28	785.04	844.44	886.68
133	310.63	432.99	708.3	766.82	790.76	850.61	893.17
134	312.74	436.02	713.4	772.36	796.48	856.78	899.66
135	314.85	439.05	718.5	777.9	802.2	862.95	906.15
136	316.96	442.08	723.6	783.44	807.92	869.12	912.64
137	319.07	445.11	728.7	788.98	813.64	875.29	919.13
138	321.18	448.14	733.8	794.52	819.36	881.46	925.62
139	323.29	451.17	738.9	800.06	825.08	887.63	932.11
140	325.4	454.2	744	805.6	830.8	893.8	938.6
141	327.51	457.23	749.1	811.14	836.52	899.97	945.09
142	329.62	460.26	754.2	816.68	842.24	906.14	951.58
143	331.73	463.29	759.3	822.22	847.96	912.31	958.07
144	333.84	466.32	764.4	827.76	853.68	918.48	964.56
145	335.95	469.35	769.5	833.3	859.4	924.65	971.05
146	338.06	472.38	774.6	838.84	865.12	930.82	977.54
147	340.17	475.41	779.7	844.38	870.84	936.99	984.03
148	342.28	478.44	784.8	849.92	876.56	943.16	990.52
149	344.39	481.47	789.9	855.46	882.28	949.33	997.01
150	346.5	484.5	795	861	888	955.5	1003.5